[gd_scene load_steps=65 format=3 uid="uid://bxsjqwurlq4a8"]

[ext_resource type="Material" uid="uid://c3b0ilgfnsvyi" path="res://shared/materials/Mat_Black.tres" id="1_y0gck"]
[ext_resource type="Script" uid="uid://vspf4tlaj8t6" path="res://W0041E/Laboratory1/Lab3_GameFeel_Pong/Scripts/PongLogic.cs" id="2_0f0sq"]
[ext_resource type="PackedScene" uid="uid://cl6gnsvqfq6jd" path="res://Model/pine-crooked.fbx" id="2_7j7lq"]
[ext_resource type="PackedScene" uid="uid://7h1n7q0xiose" path="res://Model/crypt-large.fbx" id="3_uu6pn"]
[ext_resource type="PackedScene" uid="uid://b8b2n4gfje17x" path="res://Model/crypt-large-door.fbx" id="3_yvltx"]
[ext_resource type="PackedScene" uid="uid://cevn4kh2v3piy" path="res://Model/iron-fence-border-gate.fbx" id="4_v5h1s"]
[ext_resource type="PackedScene" uid="uid://byu7cwvwlf8kj" path="res://Model/iron-fence-border.fbx" id="6_6hw3p"]
[ext_resource type="PackedScene" uid="uid://crxodsvp88ck1" path="res://Model/crypt-large-roof.fbx" id="7_fnsjy"]
[ext_resource type="PackedScene" uid="uid://didhdr88eu68" path="res://Model/trunk-long.fbx" id="8_udedt"]
[ext_resource type="PackedScene" uid="uid://b35k0p01s3wpn" path="res://Model/shovel-dirt.fbx" id="9_6ajpj"]
[ext_resource type="PackedScene" uid="uid://crravq5wh1rqp" path="res://Model/stone-wall-curve.fbx" id="10_htas2"]
[ext_resource type="PackedScene" uid="uid://b56wfh67ckyle" path="res://Model/stone-wall-column.fbx" id="11_fs3cb"]
[ext_resource type="PackedScene" uid="uid://b8d7p8mgtukx6" path="res://Model/stone-wall-damaged.fbx" id="12_ex07n"]
[ext_resource type="PackedScene" uid="uid://g12slxj34egd" path="res://Model/pillar-square.fbx" id="13_b3r2k"]
[ext_resource type="PackedScene" uid="uid://cy2f1e28t2d6h" path="res://Model/road.fbx" id="14_rua8t"]
[ext_resource type="PackedScene" uid="uid://brm5cwvuvx6ce" path="res://Model/pine.fbx" id="15_sutjh"]
[ext_resource type="PackedScene" uid="uid://c1xr6r426neqa" path="res://Model/brick-wall-end.fbx" id="16_4lpkl"]
[ext_resource type="PackedScene" uid="uid://cngwynic8yik4" path="res://Model/brick-wall.fbx" id="17_e7gsk"]
[ext_resource type="PackedScene" uid="uid://ks1so7voqgki" path="res://Model/debris.fbx" id="18_n2of1"]
[ext_resource type="PackedScene" uid="uid://bqmypmxmoycmh" path="res://Model/trunk.fbx" id="19_r7bue"]
[ext_resource type="PackedScene" uid="uid://djkkh4wwgiiky" path="res://Model/shovel.fbx" id="20_wxqx7"]
[ext_resource type="PackedScene" uid="uid://dyg88s51ofifk" path="res://Model/gravestone-decorative.fbx" id="22_sl4kv"]
[ext_resource type="PackedScene" uid="uid://da7vqsj0g36mh" path="res://Model/gravestone-roof.fbx" id="23_lfeso"]
[ext_resource type="PackedScene" uid="uid://d255x0i2malm4" path="res://Model/gravestone-round.fbx" id="24_p5j5t"]
[ext_resource type="PackedScene" uid="uid://dj4y7s2shc1i5" path="res://Model/grave.fbx" id="25_iojhg"]
[ext_resource type="PackedScene" uid="uid://c5crqeapfqkvl" path="res://Model/grave-border.fbx" id="26_lvm4h"]
[ext_resource type="PackedScene" uid="uid://be4yrtmv1ldjv" path="res://Model/debris-wood.fbx" id="27_iah28"]
[ext_resource type="PackedScene" uid="uid://cn7v2id2ermvl" path="res://Model/iron-fence.fbx" id="27_uu6pn"]
[ext_resource type="PackedScene" uid="uid://ev7rflakv7rb" path="res://Model/cross-wood.fbx" id="28_v5h1s"]
[ext_resource type="PackedScene" uid="uid://c0yv6le8wk50g" path="res://Model/gravestone-debris.fbx" id="29_b3r2k"]
[ext_resource type="PackedScene" uid="uid://csdq7j2h5ohx8" path="res://Model/detail-bowl.fbx" id="30_rua8t"]
[ext_resource type="PackedScene" uid="uid://vgk888mh3oy6" path="res://Model/candle-multiple.fbx" id="31_sutjh"]
[ext_resource type="PackedScene" uid="uid://r8d6sr1xygs3" path="res://Model/gravestone-wide.fbx" id="32_4lpkl"]
[ext_resource type="PackedScene" uid="uid://dwscmp51pn22q" path="res://Model/candle.fbx" id="33_e7gsk"]
[ext_resource type="PackedScene" uid="uid://dbprdyuo0ach5" path="res://Model/coffin-old.fbx" id="34_n2of1"]
[ext_resource type="PackedScene" uid="uid://4m6xubssu2m7" path="res://Model/iron-fence-border-column.fbx" id="35_r7bue"]
[ext_resource type="PackedScene" uid="uid://ve31mxdbk58p" path="res://Model/pumpkin.fbx" id="36_wxqx7"]
[ext_resource type="PackedScene" uid="uid://bwfujjevrvgsm" path="res://Model/pumpkin-tall.fbx" id="37_a1cwb"]
[ext_resource type="PackedScene" uid="uid://c4fvk2uqmb3hh" path="res://Model/rocks-tall.fbx" id="38_rua8t"]
[ext_resource type="PackedScene" uid="uid://0mxiymplyoid" path="res://Model/border-pillar.fbx" id="39_sutjh"]
[ext_resource type="PackedScene" uid="uid://c0664avy0e5pf" path="res://Model/lightpost-double.fbx" id="40_e7gsk"]
[ext_resource type="PackedScene" uid="uid://bwilc1up57cy3" path="res://Model/lightpost-single.fbx" id="41_n2of1"]
[ext_resource type="PackedScene" uid="uid://06m60auowe4k" path="res://Model/fence.fbx" id="42_n2of1"]
[ext_resource type="PackedScene" uid="uid://bnjsa034a0b6" path="res://Model/bench.fbx" id="43_wxqx7"]
[ext_resource type="PackedScene" uid="uid://c4lo0x7gj42jy" path="res://Model/bench-damaged.fbx" id="44_a1cwb"]
[ext_resource type="PackedScene" uid="uid://70b6ojh8iadw" path="res://character_ghost.tscn" id="46_a1cwb"]

[sub_resource type="ProceduralSkyMaterial" id="ProceduralSkyMaterial_a1cwb"]
sky_top_color = Color(0.19666488, 0.18026084, 0.39351302, 1)
sky_horizon_color = Color(0.30235976, 0.31100386, 0.3760816, 1)
ground_bottom_color = Color(0.047058824, 0.09803922, 0.14509805, 1)
ground_horizon_color = Color(0.30235976, 0.31100386, 0.3760816, 1)

[sub_resource type="Sky" id="Sky_sl4kv"]
sky_material = SubResource("ProceduralSkyMaterial_a1cwb")

[sub_resource type="Environment" id="Environment_lfeso"]
background_mode = 2
sky = SubResource("Sky_sl4kv")
tonemap_mode = 2
glow_enabled = true

[sub_resource type="QuadMesh" id="QuadMesh_5lwcm"]

[sub_resource type="BoxMesh" id="BoxMesh_ia4oc"]

[sub_resource type="StandardMaterial3D" id="StandardMaterial3D_a1cwb"]
emission_enabled = true
emission = Color(2.8194265, 1.2336879, 0, 1)

[sub_resource type="BoxMesh" id="BoxMesh_wxqx7"]
material = SubResource("StandardMaterial3D_a1cwb")

[sub_resource type="Curve" id="Curve_a1cwb"]
_limits = [0.0, 3.0, 0.0, 0.9326241]
_data = [Vector2(0, 1.2919707), 0.0, -1.4012512, 0, 0, Vector2(0.9326241, 0), -2.6610122, 0.0, 0, 0]
point_count = 2

[sub_resource type="StandardMaterial3D" id="StandardMaterial3D_wxqx7"]
emission_enabled = true
emission = Color(1, 0.7176471, 0, 1)

[sub_resource type="BoxMesh" id="BoxMesh_a1cwb"]
material = SubResource("StandardMaterial3D_wxqx7")

[sub_resource type="StandardMaterial3D" id="StandardMaterial3D_sl4kv"]
emission_enabled = true
emission = Color(3.2182472, 2.2651799, 0, 1)

[sub_resource type="BoxMesh" id="BoxMesh_sl4kv"]
material = SubResource("StandardMaterial3D_sl4kv")

[sub_resource type="Curve" id="Curve_lfeso"]
_data = [Vector2(0, 0), 0.0, 0.0, 0, 0, Vector2(0.53191483, 1), 0.0, 0.0, 0, 0, Vector2(1, 0), 0.0, 0.0, 0, 0]
point_count = 3

[sub_resource type="StandardMaterial3D" id="StandardMaterial3D_lfeso"]
transparency = 1
albedo_color = Color(0.5996737, 0.7886029, 1.4970877, 1)
emission_enabled = true
emission = Color(1.7710341, 1.2813922, 8.121486, 1)

[sub_resource type="BoxMesh" id="BoxMesh_p5j5t"]
material = SubResource("StandardMaterial3D_lfeso")

[sub_resource type="Curve" id="Curve_iojhg"]
_data = [Vector2(0, 0), 0.0, 0.0, 0, 0, Vector2(0.53191483, 1), 0.0, 0.0, 0, 0, Vector2(1, 0), 0.0, 0.0, 0, 0]
point_count = 3

[sub_resource type="BoxMesh" id="BoxMesh_xpm5r"]

[sub_resource type="SphereMesh" id="SphereMesh_idfya"]

[node name="Lab31" type="Node3D"]

[node name="WorldEnvironment" type="WorldEnvironment" parent="."]
environment = SubResource("Environment_lfeso")

[node name="DirectionalLight3D" type="DirectionalLight3D" parent="."]
transform = Transform3D(-0.8660254, -0.43301278, 0.25, 0, 0.49999997, 0.86602545, -0.50000006, 0.75, -0.43301266, 0, 0, 0)
light_color = Color(0.23214713, 0.21233535, 0.37136763, 1)
light_energy = 1.9
shadow_enabled = true
directional_shadow_max_distance = 15.0

[node name="Level" type="Node3D" parent="."]

[node name="Background" type="MeshInstance3D" parent="Level"]
transform = Transform3D(26.142, 0, 0, 0, -6.2188195e-07, 19, 0, -14.227, -8.305164e-07, -0.014604092, 2.3841858e-07, -2.9993882)
material_override = ExtResource("1_y0gck")
mesh = SubResource("QuadMesh_5lwcm")

[node name="Centerline" type="Node3D" parent="Level"]
visible = false

[node name="MeshInstance3D" type="MeshInstance3D" parent="Level/Centerline"]
transform = Transform3D(0.035, 0, 0, 0, 0.035, 0, 0, 0, 0.099, 0, 0, 0)
mesh = SubResource("BoxMesh_ia4oc")
skeleton = NodePath("../..")

[node name="MeshInstance3D2" type="MeshInstance3D" parent="Level/Centerline"]
transform = Transform3D(0.035, 0, 0, 0, 0.035, 0, 0, 0, 0.099, 0, 0, -0.15)
mesh = SubResource("BoxMesh_ia4oc")
skeleton = NodePath("../..")

[node name="MeshInstance3D3" type="MeshInstance3D" parent="Level/Centerline"]
transform = Transform3D(0.035, 0, 0, 0, 0.035, 0, 0, 0, 0.099, 0, 0, -0.3)
mesh = SubResource("BoxMesh_ia4oc")
skeleton = NodePath("../..")

[node name="MeshInstance3D4" type="MeshInstance3D" parent="Level/Centerline"]
transform = Transform3D(0.035, 0, 0, 0, 0.035, 0, 0, 0, 0.099, 0, 0, -0.45)
mesh = SubResource("BoxMesh_ia4oc")
skeleton = NodePath("../..")

[node name="MeshInstance3D5" type="MeshInstance3D" parent="Level/Centerline"]
transform = Transform3D(0.035, 0, 0, 0, 0.035, 0, 0, 0, 0.099, 0, 0, -0.6)
mesh = SubResource("BoxMesh_ia4oc")
skeleton = NodePath("../..")

[node name="MeshInstance3D6" type="MeshInstance3D" parent="Level/Centerline"]
transform = Transform3D(0.035, 0, 0, 0, 0.035, 0, 0, 0, 0.099, 0, 0, -0.75)
mesh = SubResource("BoxMesh_ia4oc")
skeleton = NodePath("../..")

[node name="MeshInstance3D7" type="MeshInstance3D" parent="Level/Centerline"]
transform = Transform3D(0.035, 0, 0, 0, 0.035, 0, 0, 0, 0.099, 0, 0, -0.9)
mesh = SubResource("BoxMesh_ia4oc")
skeleton = NodePath("../..")

[node name="MeshInstance3D8" type="MeshInstance3D" parent="Level/Centerline"]
transform = Transform3D(0.035, 0, 0, 0, 0.035, 0, 0, 0, 0.099, 0, 0, 0.899648)
mesh = SubResource("BoxMesh_ia4oc")
skeleton = NodePath("../..")

[node name="MeshInstance3D9" type="MeshInstance3D" parent="Level/Centerline"]
transform = Transform3D(0.035, 0, 0, 0, 0.035, 0, 0, 0, 0.099, 0, 0, 0.749648)
mesh = SubResource("BoxMesh_ia4oc")
skeleton = NodePath("../..")

[node name="MeshInstance3D10" type="MeshInstance3D" parent="Level/Centerline"]
transform = Transform3D(0.035, 0, 0, 0, 0.035, 0, 0, 0, 0.099, 0, 0, 0.599648)
mesh = SubResource("BoxMesh_ia4oc")
skeleton = NodePath("../..")

[node name="MeshInstance3D11" type="MeshInstance3D" parent="Level/Centerline"]
transform = Transform3D(0.035, 0, 0, 0, 0.035, 0, 0, 0, 0.099, 0, 0, 0.449648)
mesh = SubResource("BoxMesh_ia4oc")
skeleton = NodePath("../..")

[node name="MeshInstance3D12" type="MeshInstance3D" parent="Level/Centerline"]
transform = Transform3D(0.035, 0, 0, 0, 0.035, 0, 0, 0, 0.099, 0, 0, 0.299648)
mesh = SubResource("BoxMesh_ia4oc")
skeleton = NodePath("../..")

[node name="MeshInstance3D13" type="MeshInstance3D" parent="Level/Centerline"]
transform = Transform3D(0.035, 0, 0, 0, 0.035, 0, 0, 0, 0.099, 0, 0, 0.149648)
mesh = SubResource("BoxMesh_ia4oc")
skeleton = NodePath("../..")

[node name="Map" type="Node3D" parent="Level"]
transform = Transform3D(0.5, 0, 0, 0, 0.5, 0, 0, 0, 0.5, 0, 0, 0)

[node name="pine-crooked" parent="Level/Map" instance=ExtResource("2_7j7lq")]
transform = Transform3D(1, 0, 0, 0, 1, 0, 0, 0, 1, 0.8, 0, -3.4)

[node name="crypt-large" parent="Level/Map" instance=ExtResource("3_uu6pn")]
transform = Transform3D(0.99999744, 0.0022689262, 0, -0.0022689262, 0.99999744, 0, 0, 0, 1, -1.1216052, 0, -3.350957)

[node name="iron-fence-border-gate" parent="Level/Map" instance=ExtResource("4_v5h1s")]
transform = Transform3D(1.07569, 0, 0, 0, 1.07569, 0, 0, 0, 1.07569, -0.006691873, 9.022955e-09, 2.5518947)

[node name="crypt-large-door" parent="Level/Map" instance=ExtResource("3_yvltx")]
transform = Transform3D(1, 0, 0, 0, 1, 0, 0, 0, 1, -1.1204071, 0, -2.3904793)

[node name="iron-fence-border" parent="Level/Map" instance=ExtResource("6_6hw3p")]
transform = Transform3D(1.07569, 0, 0, 0, 1.07569, 0, 0, 0, 1.07569, 0.9972855, 9.022955e-09, 2.5673454)

[node name="iron-fence-border2" parent="Level/Map" instance=ExtResource("6_6hw3p")]
transform = Transform3D(1.07569, 0, 0, 0, 1.07569, 0, 0, 0, 1.07569, -1.0106691, 9.022955e-09, 2.5673454)

[node name="crypt-large-roof" parent="Level/Map" instance=ExtResource("7_fnsjy")]
transform = Transform3D(1, 0, 0, 0, 1, 0, 0, 0, 1, -1.0712875, 0.8905904, -3.2)

[node name="trunk-long" parent="Level/Map" instance=ExtResource("8_udedt")]
transform = Transform3D(0.956707, 0.29105285, 0, -0.29105285, 0.956707, 0, 0, 0, 1, 1.2506559, -0.056254864, -2.8047147)

[node name="shovel-dirt" parent="Level/Map" instance=ExtResource("9_6ajpj")]
transform = Transform3D(1, 0, 0, 0, 1, 0, 0, 0, 1, 1.0889966, 0, -2.58602)

[node name="stone-wall-curve" parent="Level/Map" instance=ExtResource("10_htas2")]
transform = Transform3D(-4.371139e-08, 0, 1, 0, 1, 0, -1, 0, -4.371139e-08, -3.4, 0, -2.2)

[node name="stone-wall-column" parent="Level/Map" instance=ExtResource("11_fs3cb")]
transform = Transform3D(1, 0, 0, 0, 1, 0, 0, 0, 1, -2.6000001, 0, -2.2)

[node name="stone-wall-damaged" parent="Level/Map" instance=ExtResource("12_ex07n")]
transform = Transform3D(-1, 0, -8.742278e-08, 0, 1, 0, 8.742278e-08, 0, -1, 0.20000005, 0, -2.8000002)

[node name="pillar-square" parent="Level/Map" instance=ExtResource("13_b3r2k")]
transform = Transform3D(1, 0, 0, 0, 1, 0, 0, 0, 1, -3.6693316, -2.3841858e-07, -1.4570992)

[node name="road" parent="Level/Map" instance=ExtResource("14_rua8t")]
transform = Transform3D(1, 0, 0, 0, 1, 0, 0, 0, 1, -1.1497396, -0.013278246, -1.9133037)

[node name="Trees" type="Node3D" parent="Level/Map"]

[node name="pine-crooked2" parent="Level/Map/Trees" instance=ExtResource("2_7j7lq")]
transform = Transform3D(1, 0, 0, 0, 1, 0, 0, 0, 1, 2.054672, -2.3841858e-07, -3.9118953)

[node name="pine-crooked3" parent="Level/Map/Trees" instance=ExtResource("2_7j7lq")]
transform = Transform3D(1, 0, 0, 0, 1, 0, 0, 0, 1, -0.7746994, 0, -5.1049914)

[node name="pine3" parent="Level/Map/Trees" instance=ExtResource("15_sutjh")]
transform = Transform3D(1, 0, 0, 0, 1, 0, 0, 0, 1, 0.025300622, 0, -4.3049917)

[node name="pine-crooked4" parent="Level/Map/Trees" instance=ExtResource("2_7j7lq")]
transform = Transform3D(1, 0, 0, 0, 1, 0, 0, 0, 1, 0.4799726, -2.3841858e-07, -5.6168866)

[node name="pine4" parent="Level/Map/Trees" instance=ExtResource("15_sutjh")]
transform = Transform3D(1, 0, 0, 0, 1, 0, 0, 0, 1, 1.2799726, -2.3841858e-07, -4.816887)

[node name="pine-crooked5" parent="Level/Map/Trees" instance=ExtResource("2_7j7lq")]
transform = Transform3D(1, 0, 0, 0, 1, 0, 0, 0, 1, 2.311951, 0, -6.743261)

[node name="pine5" parent="Level/Map/Trees" instance=ExtResource("15_sutjh")]
transform = Transform3D(1, 0, 0, 0, 1, 0, 0, 0, 1, 3.1119509, 0, -5.943261)

[node name="pine-crooked6" parent="Level/Map/Trees" instance=ExtResource("2_7j7lq")]
transform = Transform3D(1, 0, 0, 0, 1, 0, 0, 0, 1, 3.566623, -2.3841858e-07, -7.255156)

[node name="pine6" parent="Level/Map/Trees" instance=ExtResource("15_sutjh")]
transform = Transform3D(1, 0, 0, 0, 1, 0, 0, 0, 1, 4.366623, -2.3841858e-07, -6.4551563)

[node name="pine-crooked7" parent="Level/Map/Trees" instance=ExtResource("2_7j7lq")]
transform = Transform3D(1, 0, 0, 0, 1, 0, 0, 0, 1, -0.6398175, 0, -7.7644916)

[node name="pine7" parent="Level/Map/Trees" instance=ExtResource("15_sutjh")]
transform = Transform3D(1, 0, 0, 0, 1, 0, 0, 0, 1, 0.16018248, 0, -6.964492)

[node name="pine-crooked8" parent="Level/Map/Trees" instance=ExtResource("2_7j7lq")]
transform = Transform3D(1, 0, 0, 0, 1, 0, 0, 0, 1, 0.6148546, -2.3841858e-07, -8.276386)

[node name="pine8" parent="Level/Map/Trees" instance=ExtResource("15_sutjh")]
transform = Transform3D(1, 0, 0, 0, 1, 0, 0, 0, 1, 1.4148545, -2.3841858e-07, -7.476387)

[node name="pine-crooked9" parent="Level/Map/Trees" instance=ExtResource("2_7j7lq")]
transform = Transform3D(1, 0, 0, 0, 1, 0, 0, 0, 1, -3.5019662, 0, -6.8761835)

[node name="pine9" parent="Level/Map/Trees" instance=ExtResource("15_sutjh")]
transform = Transform3D(1, 0, 0, 0, 1, 0, 0, 0, 1, -2.7019663, 0, -6.076184)

[node name="pine-crooked10" parent="Level/Map/Trees" instance=ExtResource("2_7j7lq")]
transform = Transform3D(1, 0, 0, 0, 1, 0, 0, 0, 1, -2.2472942, -2.3841858e-07, -7.3880787)

[node name="pine10" parent="Level/Map/Trees" instance=ExtResource("15_sutjh")]
transform = Transform3D(1, 0, 0, 0, 1, 0, 0, 0, 1, -1.4472942, -2.3841858e-07, -6.588079)

[node name="pine-crooked11" parent="Level/Map/Trees" instance=ExtResource("2_7j7lq")]
transform = Transform3D(1, 0, 0, 0, 1, 0, 0, 0, 1, -5.184677, 0, -4.4992957)

[node name="pine11" parent="Level/Map/Trees" instance=ExtResource("15_sutjh")]
transform = Transform3D(1, 0, 0, 0, 1, 0, 0, 0, 1, -4.384677, 0, -3.699296)

[node name="pine-crooked12" parent="Level/Map/Trees" instance=ExtResource("2_7j7lq")]
transform = Transform3D(1, 0, 0, 0, 1, 0, 0, 0, 1, -3.9300048, -2.3841858e-07, -5.011191)

[node name="pine12" parent="Level/Map/Trees" instance=ExtResource("15_sutjh")]
transform = Transform3D(1, 0, 0, 0, 1, 0, 0, 0, 1, -3.130005, -2.3841858e-07, -4.211191)

[node name="pine-crooked13" parent="Level/Map/Trees" instance=ExtResource("2_7j7lq")]
transform = Transform3D(1, 0, 0, 0, 1, 0, 0, 0, 1, -6.4024687, -4.7683716e-07, -7.9412184)

[node name="pine13" parent="Level/Map/Trees" instance=ExtResource("15_sutjh")]
transform = Transform3D(1, 0, 0, 0, 1, 0, 0, 0, 1, -5.6024685, -4.7683716e-07, -7.1412187)

[node name="pine-crooked14" parent="Level/Map/Trees" instance=ExtResource("2_7j7lq")]
transform = Transform3D(1, 0, 0, 0, 1, 0, 0, 0, 1, -5.1477966, -7.1525574e-07, -8.453114)

[node name="pine14" parent="Level/Map/Trees" instance=ExtResource("15_sutjh")]
transform = Transform3D(1, 0, 0, 0, 1, 0, 0, 0, 1, -4.3477964, -7.1525574e-07, -7.653114)

[node name="pine-crooked15" parent="Level/Map/Trees" instance=ExtResource("2_7j7lq")]
transform = Transform3D(1, 0, 0, 0, 1, 0, 0, 0, 1, -6.63933, -7.1525574e-07, -4.453489)

[node name="pine15" parent="Level/Map/Trees" instance=ExtResource("15_sutjh")]
transform = Transform3D(1, 0, 0, 0, 1, 0, 0, 0, 1, -5.8393297, -7.1525574e-07, -3.653489)

[node name="pine-crooked16" parent="Level/Map/Trees" instance=ExtResource("2_7j7lq")]
transform = Transform3D(1, 0, 0, 0, 1, 0, 0, 0, 1, -9.1117935, -9.536743e-07, -7.3835163)

[node name="pine16" parent="Level/Map/Trees" instance=ExtResource("15_sutjh")]
transform = Transform3D(1, 0, 0, 0, 1, 0, 0, 0, 1, -8.311793, -9.536743e-07, -6.5835166)

[node name="pine-crooked17" parent="Level/Map/Trees" instance=ExtResource("2_7j7lq")]
transform = Transform3D(1, 0, 0, 0, 1, 0, 0, 0, 1, -7.8571215, -1.1920929e-06, -7.8954115)

[node name="pine17" parent="Level/Map/Trees" instance=ExtResource("15_sutjh")]
transform = Transform3D(1, 0, 0, 0, 1, 0, 0, 0, 1, -7.0571213, -1.1920929e-06, -7.095412)

[node name="pine-crooked18" parent="Level/Map/Trees" instance=ExtResource("2_7j7lq")]
transform = Transform3D(0.25881907, 0, -0.9659258, 0, 1, 0, 0.9659258, 0, 0.25881907, -6.804386, -1.1920929e-06, -5.79807)

[node name="pine18" parent="Level/Map/Trees" instance=ExtResource("15_sutjh")]
transform = Transform3D(0.25881907, 0, -0.9659258, 0, 1, 0, 0.9659258, 0, 0.25881907, -5.296852, -1.1920929e-06, -5.7643547)

[node name="pine-crooked19" parent="Level/Map/Trees" instance=ExtResource("2_7j7lq")]
transform = Transform3D(0.25881907, 0, -0.9659258, 0, 1, 0, 0.9659258, 0, 0.25881907, -7.6538916, -1.4305115e-06, -4.937367)

[node name="pine19" parent="Level/Map/Trees" instance=ExtResource("15_sutjh")]
transform = Transform3D(0.25881907, 0, -0.9659258, 0, 1, 0, 0.9659258, 0, 0.25881907, -8.219576, -1.4305115e-06, -3.957571)

[node name="pine-crooked20" parent="Level/Map/Trees" instance=ExtResource("2_7j7lq")]
transform = Transform3D(0.25881907, 0, -0.9659258, 0, 1, 0, 0.9659258, 0, 0.25881907, -6.8347054, -1.66893e-06, -3.857935)

[node name="pine20" parent="Level/Map/Trees" instance=ExtResource("15_sutjh")]
transform = Transform3D(0.25881907, 0, -0.9659258, 0, 1, 0, 0.9659258, 0, 0.25881907, -7.4003906, -1.66893e-06, -2.878139)

[node name="pine-crooked21" parent="Level/Map/Trees" instance=ExtResource("2_7j7lq")]
transform = Transform3D(0.25881907, 0, -0.9659258, 0, 1, 0, 0.9659258, 0, 0.25881907, -10.518674, -2.3841858e-06, -7.6270413)

[node name="pine21" parent="Level/Map/Trees" instance=ExtResource("15_sutjh")]
transform = Transform3D(0.25881907, 0, -0.9659258, 0, 1, 0, 0.9659258, 0, 0.25881907, -11.084358, -2.3841858e-06, -6.6472454)

[node name="pine-crooked22" parent="Level/Map/Trees" instance=ExtResource("2_7j7lq")]
transform = Transform3D(0.25881907, 0, -0.9659258, 0, 1, 0, 0.9659258, 0, 0.25881907, -9.699488, -2.6226044e-06, -6.5476093)

[node name="pine22" parent="Level/Map/Trees" instance=ExtResource("15_sutjh")]
transform = Transform3D(0.25881907, 0, -0.9659258, 0, 1, 0, 0.9659258, 0, 0.25881907, -10.265173, -2.6226044e-06, -5.5678134)

[node name="pine24" parent="Level/Map/Trees" instance=ExtResource("15_sutjh")]
transform = Transform3D(1, 0, 0, 0, 1, 0, 0, 0, 1, 7.547302, -2.3841858e-07, -2.4431694)

[node name="pine-crooked24" parent="Level/Map/Trees" instance=ExtResource("2_7j7lq")]
transform = Transform3D(1, 0, 0, 0, 1, 0, 0, 0, 1, 3.9179304, 0, -4.4362655)

[node name="pine-crooked25" parent="Level/Map/Trees" instance=ExtResource("2_7j7lq")]
transform = Transform3D(1, 0, 0, 0, 1, 0, 0, 0, 1, 5.1726027, -2.3841858e-07, -4.9481606)

[node name="pine-crooked26" parent="Level/Map/Trees" instance=ExtResource("2_7j7lq")]
transform = Transform3D(1, 0, 0, 0, 1, 0, 0, 0, 1, 7.629221, 0.099182606, -5.979734)

[node name="pine27" parent="Level/Map/Trees" instance=ExtResource("15_sutjh")]
transform = Transform3D(1, 0, 0, 0, 1, 0, 0, 0, 1, 7.8045807, 0, -5.274535)

[node name="pine-crooked27" parent="Level/Map/Trees" instance=ExtResource("2_7j7lq")]
transform = Transform3D(1, 0, 0, 0, 1, 0, 0, 0, 1, 8.883893, 0.09918237, -6.491629)

[node name="pine28" parent="Level/Map/Trees" instance=ExtResource("15_sutjh")]
transform = Transform3D(1, 0, 0, 0, 1, 0, 0, 0, 1, 9.059253, -2.3841858e-07, -5.7864304)

[node name="pine29" parent="Level/Map/Trees" instance=ExtResource("15_sutjh")]
transform = Transform3D(1, 0, 0, 0, 1, 0, 0, 0, 1, 5.756908, 0.099182606, -6.2974396)

[node name="pine30" parent="Level/Map/Trees" instance=ExtResource("15_sutjh")]
transform = Transform3D(1, 0, 0, 0, 1, 0, 0, 0, 1, 7.01158, 0.09918237, -6.8093348)

[node name="pine31" parent="Level/Map/Trees" instance=ExtResource("15_sutjh")]
transform = Transform3D(1, 0, 0, 0, 1, 0, 0, 0, 1, 8.429182, 0, -4.195244)

[node name="pine32" parent="Level/Map/Trees" instance=ExtResource("15_sutjh")]
transform = Transform3D(1, 0, 0, 0, 1, 0, 0, 0, 1, 9.683853, -2.3841858e-07, -4.707139)

[node name="pine23" parent="Level/Map/Trees" instance=ExtResource("15_sutjh")]
transform = Transform3D(1, 0, 0, 0, 1, 0, 0, 0, 1, 3.5834277, -2.3841858e-07, 2.2314763)

[node name="pine-crooked28" parent="Level/Map/Trees" instance=ExtResource("2_7j7lq")]
transform = Transform3D(1, 0, 0, 0, 1, 0, 0, 0, 1, 5.351128, 0.1144681, -7.8449717)

[node name="pine-crooked29" parent="Level/Map/Trees" instance=ExtResource("2_7j7lq")]
transform = Transform3D(1, 0, 0, 0, 1, 0, 0, 0, 1, 6.6058, 0.11446786, -8.356867)

[node name="pine33" parent="Level/Map/Trees" instance=ExtResource("15_sutjh")]
transform = Transform3D(1, 0, 0, 0, 1, 0, 0, 0, 1, 2.890346, -0.17669535, -8.489907)

[node name="pine34" parent="Level/Map/Trees" instance=ExtResource("15_sutjh")]
transform = Transform3D(1, 0, 0, 0, 1, 0, 0, 0, 1, 4.733487, 0.11446786, -8.674573)

[node name="pine-crooked30" parent="Level/Map/Trees" instance=ExtResource("2_7j7lq")]
transform = Transform3D(1, 0, 0, 0, 1, 0, 0, 0, 1, 8.027385, 0.44990754, -8.009096)

[node name="pine-crooked31" parent="Level/Map/Trees" instance=ExtResource("2_7j7lq")]
transform = Transform3D(1, 0, 0, 0, 1, 0, 0, 0, 1, 6.4790554, -0.11538577, -4.887207)

[node name="brick-wall-end" parent="Level/Map" instance=ExtResource("16_4lpkl")]
transform = Transform3D(1, 0, 0, 0, 1, 0, 0, 0, 1, 2.9012163, 0, -3.2568865)

[node name="brick-wall" parent="Level/Map" instance=ExtResource("17_e7gsk")]
transform = Transform3D(1, 0, 0, 0, 1, 0, 0, 0, 1, 3.8736053, 0, -3.2626548)

[node name="brick-wall2" parent="Level/Map" instance=ExtResource("17_e7gsk")]
transform = Transform3D(1, 0, 0, 0, 1, 0, 0, 0, 1, 5.839723, 0, -3.2626548)

[node name="brick-wall-end2" parent="Level/Map" instance=ExtResource("16_4lpkl")]
transform = Transform3D(-1, 0, -8.742278e-08, 0, 1, 0, 8.742278e-08, 0, -1, 6.477379, 0, -3.9616513)

[node name="stone-wall-damaged2" parent="Level/Map" instance=ExtResource("12_ex07n")]
transform = Transform3D(-4.371139e-08, 0, 1, 0, 1, 0, -1, 0, -4.371139e-08, 3.0726328, 0, -3.1836472)

[node name="brick-wall3" parent="Level/Map" instance=ExtResource("17_e7gsk")]
transform = Transform3D(1, 0, 0, 0, 1, 0, 0, 0, 1, 4.870594, 0, -3.2626548)

[node name="debris" parent="Level/Map" instance=ExtResource("18_n2of1")]
transform = Transform3D(1, 0, 0, 0, 1, 0, 0, 0, 1, 2.3158274, 2.3841858e-07, -2.421503)

[node name="trunk" parent="Level/Map" instance=ExtResource("19_r7bue")]
transform = Transform3D(1, 0, 0, 0, 1, 0, 0, 0, 1, 1.8218298, 7.1525574e-07, -2.892397)

[node name="shovel" parent="Level/Map" instance=ExtResource("20_wxqx7")]
transform = Transform3D(0.9667297, -0.084511906, 0.24143617, 0, 0.9438472, 0.33038265, -0.25580013, -0.3193907, 0.9124451, 2.6619103, 0, -2.3224607)

[node name="gravestone-decorative" parent="Level/Map" instance=ExtResource("22_sl4kv")]
transform = Transform3D(0.9388349, -0.09652235, -0.3305638, 0.10227168, 0.99475646, 9.208171e-12, 0.3288305, -0.03380732, 0.9437836, 4.6278396, -0.0884316, -2.733982)

[node name="gravestone-roof" parent="Level/Map" instance=ExtResource("23_lfeso")]
transform = Transform3D(0.9437836, 0.07970749, -0.32081017, 0, 0.97049385, 0.24112587, 0.3305638, -0.22757067, 0.91593623, 5.65337, -5.9604645e-07, -2.820294)

[node name="gravestone-round" parent="Level/Map" instance=ExtResource("24_p5j5t")]
transform = Transform3D(0.9387825, 0.09703029, -0.3305638, -0.10280989, 0.99470097, 0, 0.32881215, 0.03398523, 0.9437835, 6.229327, -0.08077264, -2.204421)

[node name="grave" parent="Level/Map" instance=ExtResource("25_iojhg")]
transform = Transform3D(0.94289756, 0, -0.33308288, 0, 1, 0, 0.33308288, 0, 0.94289756, 5.895701, 0, -1.5207012)

[node name="grave2" parent="Level/Map" instance=ExtResource("25_iojhg")]
transform = Transform3D(-0.89822596, 0.04872675, 0.43682492, -0.0052828463, 0.99256754, -0.1215814, -0.43950242, -0.11151524, -0.8912925, 4.3645434, -0.033471942, -2.1282184)

[node name="grave-border" parent="Level/Map" instance=ExtResource("26_lvm4h")]
transform = Transform3D(0.9437836, 0, -0.3305638, 0, 1, 0, 0.3305638, 0, 0.9437836, 5.208671, -2.3841858e-07, -1.9691718)

[node name="shovel-dirt2" parent="Level/Map" instance=ExtResource("9_6ajpj")]
transform = Transform3D(-0.26042023, 0, -0.96549535, 0, 1, 0, 0.96549535, 0, -0.26042023, 5.3199434, -3.5762787e-07, -2.220551)

[node name="debris-wood" parent="Level/Map" instance=ExtResource("27_iah28")]
transform = Transform3D(0.94289756, 0, -0.33308288, 0, 1, 0, 0.33308288, 0, 0.94289756, 5.069333, -1.1920929e-07, -1.784048)

[node name="iron-fence" parent="Level/Map" instance=ExtResource("27_uu6pn")]
transform = Transform3D(-4.371139e-08, 0, -1, 0, 1, 0, 1, 0, -4.371139e-08, 6.2620173, -4.7683716e-07, -2.7454624)

[node name="iron-fence2" parent="Level/Map" instance=ExtResource("27_uu6pn")]
transform = Transform3D(-4.371139e-08, 0, -1, 0, 1, 0, 1, 0, -4.371139e-08, 6.2620173, -4.7683716e-07, -1.7454624)

[node name="iron-fence3" parent="Level/Map" instance=ExtResource("27_uu6pn")]
transform = Transform3D(-4.371139e-08, 0, -1, 0, 1, 0, 1, 0, -4.371139e-08, 6.2620173, -4.7683716e-07, -0.7454624)

[node name="iron-fence4" parent="Level/Map" instance=ExtResource("27_uu6pn")]
transform = Transform3D(-4.371139e-08, 0, -1, 0, 1, 0, 1, 0, -4.371139e-08, 6.2620173, -4.7683716e-07, 0.25453758)

[node name="grave-border2" parent="Level/Map" instance=ExtResource("26_lvm4h")]
transform = Transform3D(0.9532962, 0.30203715, 0, -0.30203715, 0.9532962, 0, 0, 0, 1, 3.7985992, -0.10295451, 0.3647046)

[node name="grave-border3" parent="Level/Map" instance=ExtResource("26_lvm4h")]
transform = Transform3D(-0.9541359, 0.29937387, -7.161255e-08, 0.29937387, 0.9541359, 5.0143647e-08, 8.33398e-08, 2.6404926e-08, -1, 3.7142363, -0.10295451, 1.4399211)

[node name="grave-border4" parent="Level/Map" instance=ExtResource("26_lvm4h")]
transform = Transform3D(0.9532962, 0.30203715, 0, -0.30203715, 0.9532962, 0, 0, 0, 1, 3.7985992, -0.10295451, -1.2528243)

[node name="grave-border5" parent="Level/Map" instance=ExtResource("26_lvm4h")]
transform = Transform3D(-0.9541359, 0.29937387, -7.161255e-08, 0.29937387, 0.9541359, 5.0143647e-08, 8.33398e-08, 2.6404926e-08, -1, 3.7142363, -0.10295451, -0.17760777)

[node name="cross-wood" parent="Level/Map" instance=ExtResource("28_v5h1s")]
transform = Transform3D(1.0716165, 0, -0.6389385, 0, 1.2476394, 0, 0.6389385, 0, 1.0716165, 3.401285, 2.3841858e-07, -2.2856834)

[node name="debris2" parent="Level/Map" instance=ExtResource("18_n2of1")]
transform = Transform3D(-0.8334424, 0, 0.55260634, 0, 1, 0, -0.55260634, 0, -0.8334424, 3.1375718, -0.025346756, -2.9052432)

[node name="gravestone-debris" parent="Level/Map" instance=ExtResource("29_b3r2k")]
transform = Transform3D(0.70078474, 0, -0.71337277, 0, 1, 0, 0.71337277, 0, 0.70078474, 4.159847, 0, -0.72347486)

[node name="detail-bowl" parent="Level/Map" instance=ExtResource("30_rua8t")]
transform = Transform3D(1, 0, 0, 0, 1, 0, 0, 0, 1, 4.005008, 0, -1.1477463)

[node name="candle-multiple" parent="Level/Map" instance=ExtResource("31_sutjh")]
transform = Transform3D(1, 0, 0, 0, 1, 0, 0, 0, 1, 6.045243, 0, -2.5854142)

[node name="OmniLight3D" type="OmniLight3D" parent="Level/Map/candle-multiple"]
transform = Transform3D(2, 0, 0, 0, 2, 0, 0, 0, 2, -0.048531055, 0.5360515, 0.044839382)
light_color = Color(1.7549219, 1.2797759, 1.0841275, 1)
omni_range = 0.54894733
omni_attenuation = -2.017

[node name="CPUParticles3D" type="CPUParticles3D" parent="Level/Map/candle-multiple"]
transform = Transform3D(1, 0, 0, 0, 1, 0, 0, 0, 1, -0.056559086, 0.22348684, 0.008229256)
mesh = SubResource("BoxMesh_wxqx7")
spread = 107.2
gravity = Vector3(0, 0.4, 0)
initial_velocity_max = 0.1
scale_amount_min = 0.01
scale_amount_max = 0.02
scale_amount_curve = SubResource("Curve_a1cwb")

[node name="CPUParticles3D2" type="CPUParticles3D" parent="Level/Map/candle-multiple"]
transform = Transform3D(1, 0, 0, 0, 1, 0, 0, 0, 1, 0.06255674, 0.115701556, 0.08439469)
mesh = SubResource("BoxMesh_wxqx7")
spread = 107.2
gravity = Vector3(0, 0.4, 0)
initial_velocity_max = 0.1
scale_amount_min = 0.01
scale_amount_max = 0.02
scale_amount_curve = SubResource("Curve_a1cwb")

[node name="CPUParticles3D3" type="CPUParticles3D" parent="Level/Map/candle-multiple"]
transform = Transform3D(1, 0, 0, 0, 1, 0, 0, 0, 1, 0.06255674, 0.19580331, -0.06943059)
mesh = SubResource("BoxMesh_wxqx7")
spread = 107.2
gravity = Vector3(0, 0.4, 0)
initial_velocity_max = 0.1
scale_amount_min = 0.01
scale_amount_max = 0.02
scale_amount_curve = SubResource("Curve_a1cwb")

[node name="gravestone-round2" parent="Level/Map" instance=ExtResource("24_p5j5t")]
transform = Transform3D(0.58198106, 0, -0.8132024, -0.09966791, 0.99246085, -0.07132891, 0.8070715, 0.122562245, 0.57759345, 4.757814, -0.04385233, -0.42633343)

[node name="gravestone-wide" parent="Level/Map" instance=ExtResource("32_4lpkl")]
transform = Transform3D(0.7101608, 0, -0.7040395, 0, 1, 0, 0.7040395, 0, 0.7101608, 5.4467344, -0.13349175, 0.010571003)

[node name="candle" parent="Level/Map" instance=ExtResource("33_e7gsk")]
transform = Transform3D(1, 0, 0, 0, 1, 0, 0, 0, 1, 4.4185104, 0, -0.5103507)

[node name="OmniLight3D" type="OmniLight3D" parent="Level/Map/candle"]
transform = Transform3D(2, 0, 0, 0, 2, 0, 0, 0, 2, -0.048531055, 0.9042679, 0.044839382)
light_color = Color(1.7549219, 1.2797759, 1.0841275, 1)
omni_range = 0.564
omni_attenuation = -1.434

[node name="CPUParticles3D" type="CPUParticles3D" parent="Level/Map/candle"]
transform = Transform3D(1, 0, 0, 0, 1, 0, 0, 0, 1, 0, 0.22348684, 0)
mesh = SubResource("BoxMesh_wxqx7")
spread = 107.2
gravity = Vector3(0, 0.4, 0)
initial_velocity_max = 0.1
scale_amount_min = 0.01
scale_amount_max = 0.02
scale_amount_curve = SubResource("Curve_a1cwb")

[node name="coffin-old" parent="Level/Map" instance=ExtResource("34_n2of1")]
transform = Transform3D(0.8507102, 0, 0.525635, 0, 1, 0, -0.525635, 0, 0.8507102, 4.1415954, -4.7683716e-07, 0.2498424)

[node name="grave-border6" parent="Level/Map" instance=ExtResource("26_lvm4h")]
transform = Transform3D(0.75935084, 0, -0.65068144, 0, 1, 0, 0.65068144, 0, 0.75935084, 4.8261347, 0, 0.7642515)

[node name="grave3" parent="Level/Map" instance=ExtResource("25_iojhg")]
transform = Transform3D(0.730055, 0, -0.6833884, 0, 1, 0, 0.6833884, 0, 0.730055, 4.793558, -0.090731144, 0.8018894)

[node name="iron-fence-border3" parent="Level/Map" instance=ExtResource("6_6hw3p")]
transform = Transform3D(1.07569, 0, 0, 0, 1.07569, 0, 0, 0, 1.07569, 2.0592432, -5.03906e-07, 2.5713944)

[node name="iron-fence-border4" parent="Level/Map" instance=ExtResource("6_6hw3p")]
transform = Transform3D(1.07569, 0, 0, 0, 1.07569, 0, 0, 0, 1.07569, -2.0331407, -5.03906e-07, 2.5713944)

[node name="iron-fence-border5" parent="Level/Map" instance=ExtResource("6_6hw3p")]
transform = Transform3D(1.07569, 0, 0, 0, 1.07569, 0, 0, 0, 1.07569, -3.066616, -5.03906e-07, 2.5713944)

[node name="iron-fence-border-column" parent="Level/Map" instance=ExtResource("35_r7bue")]
transform = Transform3D(-4.371139e-08, 0, -1, 0, 1, 0, 1, 0, -4.371139e-08, -3.7862468, 0, 1.8440287)

[node name="iron-fence-border-column2" parent="Level/Map" instance=ExtResource("35_r7bue")]
transform = Transform3D(-5.9604645e-08, 0, 1, 0, 1, 0, -1, 0, -5.9604645e-08, -3.13839, -2.3841858e-07, 0.86165714)

[node name="road2" parent="Level/Map" instance=ExtResource("14_rua8t")]
transform = Transform3D(1, 0, 0, 0, 1, 0, 0, 0, 1, -3.9232907, 0, -0.15309763)

[node name="road3" parent="Level/Map" instance=ExtResource("14_rua8t")]
transform = Transform3D(0.50913155, 0, -0.8606887, 0, 1, 0, 0.8606887, 0, 0.50913155, -3.9232907, -0.035227537, -0.7675014)

[node name="road4" parent="Level/Map" instance=ExtResource("14_rua8t")]
transform = Transform3D(-0.9999616, 0, 0.008761445, 0.00015000332, 0.99985343, 0.017120186, -0.008760161, 0.017120844, -0.99981505, -4.5957074, 0.005256772, -0.5536238)

[node name="road5" parent="Level/Map" instance=ExtResource("14_rua8t")]
transform = Transform3D(-0.5015712, 0, 0.8651165, 0.014811524, 0.99985343, 0.008587322, -0.8649897, 0.017120844, -0.5014977, -4.585729, -0.04048431, 0.12687582)

[node name="road6" parent="Level/Map" instance=ExtResource("14_rua8t")]
transform = Transform3D(-0.43884164, 0, 0.8985644, 0, 1, 0, -0.8985644, 0, -0.43884164, -5.2710257, 0, -0.07632691)

[node name="road7" parent="Level/Map" instance=ExtResource("14_rua8t")]
transform = Transform3D(0.5499561, 0, 0.83519363, 0, 1, 0, -0.83519363, 0, 0.5499561, -5.8231072, -0.035227537, 0.1932991)

[node name="road8" parent="Level/Map" instance=ExtResource("14_rua8t")]
transform = Transform3D(0.43095323, 0.015384179, -0.9022431, 0.00015000359, 0.9998533, 0.017120179, 0.9023742, -0.007513335, 0.4308878, -5.3358397, 0.005256772, 0.7036503)

[node name="road9" parent="Level/Map" instance=ExtResource("14_rua8t")]
transform = Transform3D(-0.55713856, 0.0153841805, -0.8302771, 0.014811523, 0.9998535, 0.008587322, 0.83028746, -0.0075133396, -0.5572847, -4.728746, -0.04048431, 0.39605254)

[node name="pumpkin" parent="Level/Map" instance=ExtResource("36_wxqx7")]
transform = Transform3D(1, 0, 0, 0, 1, 0, 0, 0, 1, -4.931041, 0, -2.2178907)

[node name="pumpkin-tall" parent="Level/Map" instance=ExtResource("37_a1cwb")]
transform = Transform3D(1.510149, 0, 0, 0, 1.510149, 0, 0, 0, 1.510149, -4.6363425, 0, -1.5958712)

[node name="pumpkin2" parent="Level/Map" instance=ExtResource("36_wxqx7")]
transform = Transform3D(1, 0, 0, 0, 1, 0, 0, 0, 1, -6.114176, 0, -1.392992)

[node name="pumpkin-tall2" parent="Level/Map" instance=ExtResource("37_a1cwb")]
transform = Transform3D(0.46749836, 0, 0, 0, 0.46749836, 0, 0, 0, 0.46749836, -5.217998, 0, -1.0913029)

[node name="pumpkin3" parent="Level/Map" instance=ExtResource("36_wxqx7")]
transform = Transform3D(3.0151215, 0, -0.9208371, 0, 3.152602, 0, 0.9208371, 0, 3.0151215, -5.438015, -2.3841858e-07, -1.6634623)

[node name="pumpkin-tall3" parent="Level/Map" instance=ExtResource("37_a1cwb")]
transform = Transform3D(1, 0, 0, 0, 1, 0, 0, 0, 1, -5.839373, -2.3841858e-07, -0.80575657)

[node name="pumpkin-tall4" parent="Level/Map" instance=ExtResource("37_a1cwb")]
transform = Transform3D(1.510149, 0, 0, 0, 1.510149, 0, 0, 0, 1.510149, -6.7512813, 0, -1.5716846)

[node name="rocks-tall" parent="Level/Map" instance=ExtResource("38_rua8t")]
transform = Transform3D(1, 0, 0, 0, 1, 0, 0, 0, 1, -6.698682, 2.3841858e-07, -0.53839254)

[node name="trunk2" parent="Level/Map" instance=ExtResource("19_r7bue")]
transform = Transform3D(1, 0, 0, 0, 1, 0, 0, 0, 1, 2.711647, -2.3841858e-07, 2.6205592)

[node name="border-pillar" parent="Level/Map" instance=ExtResource("39_sutjh")]
transform = Transform3D(1, 0, 0, 0, 1, 0, 0, 0, 1, 2.7324815, 0, 2.2136595)

[node name="lightpost-double" parent="Level/Map" instance=ExtResource("40_e7gsk")]
transform = Transform3D(0.8660254, 0, -0.5, 0, 1, 0, 0.5, 0, 0.8660254, -5.309783, 0, -0.746932)

[node name="MeshInstance3D" type="MeshInstance3D" parent="Level/Map/lightpost-double"]
transform = Transform3D(0.13456677, 0, 0, 0, 0.1454868, 0, 0, 0, 0.13624166, -0.0006260872, 1.0473286, 0.25723505)
mesh = SubResource("BoxMesh_a1cwb")

[node name="MeshInstance3D2" type="MeshInstance3D" parent="Level/Map/lightpost-double"]
transform = Transform3D(0.13456677, 0, 0, 0, 0.1454868, 0, 0, 0, 0.13624166, 0.0019631386, 1.0473286, -0.25776577)
mesh = SubResource("BoxMesh_a1cwb")

[node name="OmniLight3D" type="OmniLight3D" parent="Level/Map/lightpost-double"]
transform = Transform3D(2, 0, 0, 0, 2, 0, 0, 0, 2, 0.2920637, 1.0764663, 0.044839382)
light_color = Color(1.7549219, 1.2797759, 1.0841275, 1)
omni_range = 0.8317057
omni_attenuation = -2.211

[node name="CPUParticles3D" type="CPUParticles3D" parent="Level/Map/lightpost-double"]
transform = Transform3D(1, 0, 0, 0, 1, 0, 0, 0, 1, 0.13673782, 0.9960362, 0.11414385)
amount = 100
lifetime = 5.279999999999999
mesh = SubResource("BoxMesh_sl4kv")
emission_shape = 1
emission_sphere_radius = 1.0
spread = 180.0
gravity = Vector3(0, 0, 0)
initial_velocity_max = 0.1
angular_velocity_min = -10.0
angular_velocity_max = 10.0
radial_accel_min = -0.01
radial_accel_max = 0.01
angle_min = -720.0
angle_max = 720.0
scale_amount_min = 0.01
scale_amount_max = 0.01
scale_amount_curve = SubResource("Curve_lfeso")

[node name="lightpost-single" parent="Level/Map" instance=ExtResource("41_n2of1")]
transform = Transform3D(1, 0, 0, 0, 1, 0, 0, 0, 1, -2.0056043, 0, 2.4752295)

[node name="MeshInstance3D" type="MeshInstance3D" parent="Level/Map/lightpost-single"]
transform = Transform3D(0.13456677, 0, 0, 0, 0.1454868, 0, 0, 0, 0.13624166, -0.0006260872, 1.0473286, 0.25723505)
mesh = SubResource("BoxMesh_a1cwb")

[node name="OmniLight3D" type="OmniLight3D" parent="Level/Map/lightpost-single"]
transform = Transform3D(2, 0, 0, 0, 2, 0, 0, 0, 2, 0.021043181, 1.4070787, 0.6109643)
light_color = Color(1.7549219, 1.2797759, 1.0841275, 1)
omni_range = 0.75742954
omni_attenuation = -2.211

